[1]        1 -1500863
[1]       2.0 -990586.2
[1]       3.0 -930289.8
[1]       4.0 -914483.5
[1]       5.0 -905553.5
[1]       6.0 -902043.3
[1]       7 -900678
[1]       8.0 -900597.8
[1]       9.0 -902420.4
[1]      10.0 -906618.7
[1]      11.0 -910237.9
[1]      12.0 -916569.5
[1]      13.0 -925530.3
[1]      14.0 -939037.3
[1]      15.0 -961481.7
[1]      16 -993034
[1]      17.0 -999562.2
[1]       18 -1019203
[1]       19 -1061420
[1]       20 -1116336
[1]       21 -1120445
[1]       22 -1116458
[1]       23 -2060054
[1]            24 -919648149910
[1]  25 NaN
